't', 14, 12, 0, 0, 1, 0
't', 1, 5, 0, 0, 1, 0
'b', 2, 9, 0, 0, 1, 4
'b', 14, 3, 0, 0, 1, 4
'j', 0, 4, 0, 99, 1, 3
'b', 10, 14, 0, 0, 1, 4
'b', 7, 2, 0, 0, 1, 4
'j', 7, 8, 0, 99, 1, 3
't', 8, 13, 0, 0, 1, 0
't', 8, 12, 0, 0, 1, 0
'b', 5, 9, 0, 0, 1, 4
'm', 2, 17, 0, 0, 1, 1
'b', 17, 17, 0, 0, 1, 4
'm', 7, 15, 0, 0, 1, 1
'b', 17, 4, 0, 0, 1, 4
't', 10, 17, 0, 0, 1, 0
'Z', 3, 12, 3, 12, 1, 2, 1, 3
'C', 9, 4,9, 4, 4, 5, 1, 6, 4
'A', 6, 8, 6, 8, 4, 4, 1, 4
'A', 18, 2, 18, 2, 4, 4, 1, 4
'O', 18, 8, 18, 8, 4, 4, 1, 1
'O', 17, 7, 17, 7, 4, 4, 1, 1
'Q', 2, 2, 2, 2, 4, 11, 1, 5
'O', 3, 13, 3, 13, 4, 4, 1, 1
'A', 9, 3, 9, 3, 4, 4, 1, 4
'Q', 7, 10, 7, 10, 4, 11, 1, 5
'O', 6, 3, 6, 3, 4, 4, 1, 1
'O', 17, 6, 17, 6, 4, 4, 1, 1
'A', 8, 10, 8, 10, 4, 4, 1, 4
'Q', 11, 0, 11, 0, 4, 11, 1, 5
'O', 10, 4, 10, 4, 4, 4, 1, 1
'W', 17, 8, 17, 8, 5, 9, 1, 0
'W', 0, 10, 0, 10, 5, 9, 1, 0
'L', 1, 8, 1, 8, 7, 3, 1, 2
'L', 16, 5, 16, 5, 7, 3, 1, 2
'L', 3, 6, 3, 6, 7, 3, 1, 2
