25 25
L 24 12 24 11 7 3 4 2
L 8 8 9 8 7 3 4 2
L 21 5 21 6 7 3 4 2
W 22 1 22 2 5 9 4 0
W 5 11 4 11 5 9 4 0
W 6 0 7 0 5 12 4 0
W 2 8 2 9 5 9 4 0
W 9 22 10 22 5 9 4 0
W 9 14 10 14 5 9 4 0
W 14 2 14 3 5 9 4 0
C 10 10 10 9 4 5 4 5 4
A 7 18 7 16 4 4 4 4
A 12 3 12 1 4 4 4 4
O 19 1 19 1 4 4 4 1 
A 24 18 24 16 4 4 4 4
O 20 3 20 4 4 4 4 1
O 5 22 5 23 4 4 4 1
O 0 1 1 1 4 4 4 1
A 15 5 15 3 4 4 4 4
Z 20 1 20 1 1 2 4 3
Z 4 9 4 9 1 2 4 3
Z 5 19 4 19 1 2 4 3
t 3 22 0 0 4 0
j 16 11 0 0 4 3
g 18 24 0 0 4 2
b 24 0 0 0 4 4
j 21 18 0 0 4 3
b 15 20 0 0 4 4
g 13 1 0 0 4 2
j 19 21 0 0 4 3
m 8 12 0 0 4 1
j 7 14 0 0 4 3
j 17 7 0 0 4 3
m 9 13 0 0 4 1
t 8 0 0 0 4 0
j 24 17 0 0 4 3
b 16 8 0 0 4 4
g 8 3 0 0 4 2
t 13 13 0 0 4 0
t 14 18 0 0 4 0
b 5 16 0 0 4 4
b 19 19 0 0 4 4
t 3 21 0 0 4 0
t 10 5 0 0 4 0
b 24 1 0 0 3 4
j 22 18 0 0 3 3
m 8 11 0 0 3 1
j 7 13 0 0 3 3
j 18 7 0 0 3 3
m 9 12 0 0 3 1
t 8 1 0 0 3 0
t 12 13 0 0 3 0
b 18 19 0 0 3 4
t 23 11 0 0 3 0
t 3 20 0 0 3 0
b 23 0 0 0 2 4
j 20 18 0 0 2 3
b 15 21 0 0 2 4
g 13 2 0 0 2 2
m 9 11 0 0 2 1
m 7 11 0 0 2 1
m 10 12 0 0 2 1
m 7 12 0 0 1 1
m 8 13 0 0 1 1
t 7 0 0 0 1 0
j 24 16 0 0 1 3
g 8 2 0 0 1 2
t 13 14 0 0 1 0
t 15 18 0 0 1 0
b 6 16 0 0 1 4
m 8 10 0 0 1 1
j 20 17 0 0 1 3
b 16 21 0 0 1 4
 